1086286440, 1628
1086286440, 1629
424559743, 1654
424559743, 1655
268421142, 1656
268421142, 1657
401302206, 1666
401302206, 1667
424672122, 1670
424672122, 1671
271657793, 1674
271657793, 1675
313658880, 1679
313658880, 1680
468214696, 1711
468214696, 1712
690605197, 1736
690605197, 1737
5425798969, 1741
5425798969, 1742
519949605, 1754
519949605, 1755
974014075, 1760
974014075, 1761
484539765, 1762
484539765, 1763
5310498156, 1771
5310498156, 1772
125466703, 1782
125466703, 1783
1095620773, 1790
1095620773, 1791
73468007, 1792
73468007, 1793
723092791, 1798
723092791, 1799
739818776, 1817
739818776, 1818
5522961998, 1819
5522961998, 1820
463764076, 1825
463764076, 1826
266032320, 1835
266032320, 1836
172370661, 1834
172370661, 1835
520460667, 1840
520460667, 1841
485541112, 1838
485541112, 1839
5029790690, 1845
5029790690, 1846
620596231, 1846
620596231, 1847
137643184, 1833
137643184, 1834
337818388, 1837
337818388, 1838
5710318057, 1843
5710318057, 1844
466458950, 1826
466458950, 1827
455909965, 1905
455909965, 1906
5793442844, 1928
5793442844, 1929
531569856, 1945
531569856, 1946
51019791, 1951
51019791, 1952
505941230, 1947
505941230, 1948
5647858156, 1954
5647858156, 1955
214795467, 1953
214795467, 1954
5604079673, 1961
5604079673, 1962
762252671, 1970
762252671, 1971
67630635, 3851
67630635, 3852
431197560, 3858
431197560, 3859
1194861733, 3857
1194861733, 3858
244906917, 3869
244906917, 3870
1399539506, 3880
1399539506, 3881
175351081, 3872
175351081, 3873
1080210043, 3883
1080210043, 3884
435445192, 3933
435445192, 3934
343960012, 3935
343960012, 3936
2112612122, 3942
2112612122, 3943
457515403, 3947
457515403, 3948
904458665, 3951
904458665, 3952
2083479573, 3955
2083479573, 3956
466393788, 3984
466393788, 3985
397680045, 3990
397680045, 3991
535059477, 4003
535059477, 4004
986647105, 4007
986647105, 4008
380032261, 4058
380032261, 4059
387963555, 4086
387963555, 4087
852893187, 4139
852893187, 4140
495549926, 4145
495549926, 4146
960357261, 4150
960357261, 4151
1528236929, 4154
1528236929, 4155
264694830, 4162
264694830, 4163
497136038, 4194
497136038, 4195
696742519, 4244
696742519, 4245
980634830, 4250
980634830, 4251
934378764, 4277
934378764, 4278
5547321362, 4325
5547321362, 4326
543215262, 4332
543215262, 4333
301180295, 4374
301180295, 4375
662821230, 4377
662821230, 4378
5125203447, 4428
5125203447, 4429
761486411, 4443
761486411, 4444
372587629, 4467
372587629, 4468
5487160921, 4482
5487160921, 4483
585991100, 4497
585991100, 4498
1330757782, 4506
1330757782, 4507
1444716878, 4563
1444716878, 4564
588477824, 4582
588477824, 4583
1492235024, 4593
1492235024, 4594
691978659, 4623
691978659, 4624
1247813945, 4632
1247813945, 4633
5070469020, 4643
5070469020, 4644
219017349, 4653
219017349, 4654
2060436766, 4670
2060436766, 4671
1148756687, 4687
1148756687, 4688
1876769887, 4704
1876769887, 4705
187016994, 4719
187016994, 4720
1144281088, 4736
1144281088, 4737
928087317, 4764
928087317, 4765
842094039, 4792
842094039, 4793
818566416, 4809
818566416, 4810
1107713821, 4832
1107713821, 4833
1264794439, 4840
1264794439, 4841
2050288823, 4908
2050288823, 4909
2108712774, 4955
2108712774, 4956
591618285, 4990
591618285, 4991
200294838, 5000
200294838, 5001
254281738, 4999
254281738, 5000
5312757294, 5003
5312757294, 5004
1118286985, 5008
1118286985, 5009
95716055, 5037
95716055, 5038
791858756, 5046
791858756, 5047
795057023, 5049
795057023, 5050
545260309, 5088
545260309, 5089
469390523, 5134
469390523, 5135
465700071, 5136
465700071, 5137
1305881036, 5154
1305881036, 5155
789188957, 5158
789188957, 5159
1327216030, 5184
1327216030, 5185
464533600, 5208
464533600, 5209
373096290, 5233
373096290, 5234
844217277, 5254
844217277, 5255
499789449, 5262
499789449, 5263
122575906, 5290
122575906, 5291
78367789, 5309
78367789, 5310
387146694, 5308
387146694, 5309
343574005, 5310
343574005, 5311
395512891, 5329
395512891, 5330
764875486, 5377
764875486, 5378
99785900, 5386
99785900, 5387
1859355859, 5415
1859355859, 5416
425804147, 5432
425804147, 5433
5590025979, 5434
5590025979, 5435
852194226, 5449
852194226, 5450
972800242, 5450
972800242, 5451
150482604, 5466
150482604, 5467
386785660, 5486
386785660, 5487
1330152528, 5490
1330152528, 5491
128888682, 5485
128888682, 5486
1409696219, 5533
1409696219, 5534
1037405015, 5534
1037405015, 5535
5709517299, 5530
5709517299, 5531
495637820, 5541
495637820, 5542
5557985467, 5535
5557985467, 5536
990628002, 5545
990628002, 5546
946120316, 5586
946120316, 5587
352954893, 5594
352954893, 5595
2122112020, 5584
2122112020, 5585
666913305, 5591
666913305, 5592
493209641, 5658
493209641, 5659
997469142, 5696
997469142, 5697
241401946, 5708
241401946, 5709
559131377, 5778
559131377, 5779
5569249344, 5784
5569249344, 5785
691647155, 5796
691647155, 5797
513504983, 5818
513504983, 5819
1956385674, 5842
1956385674, 5843
5552729739, 5903
5552729739, 5904
1414170971, 5966
1414170971, 5967
5598693050, 5974
5598693050, 5975
494221421, 5973
494221421, 5974
566331375, 5970
566331375, 5971
5651325781, 6047
5651325781, 6048
335042799, 6101
335042799, 6102
99783376, 6123
99783376, 6124
273053454, 6134
273053454, 6135
667710549, 6143
667710549, 6144
490259673, 6181
490259673, 6182
314034233, 6217
314034233, 6218
1140627800, 6242
1140627800, 6243
474263145, 6246
474263145, 6247
221389807, 6254
221389807, 6255
780901725, 6278
780901725, 6279
603694695, 6295
603694695, 6296
707777855, 6317
707777855, 6318
303216283, 6348
303216283, 6349
783553299, 6393
783553299, 6394
502985178, 9883
502985178, 9884
779849362, 9868
779849362, 9869
610037570, 9894
610037570, 9895
5798434242, 9890
5798434242, 9891
490024133, 10005
490024133, 10006
1007730831, 10069
1007730831, 10070
277073280, 10073
277073280, 10074
5563468920, 10086
5563468920, 10087
1312279647, 10088
1312279647, 10089
786528877, 10143
786528877, 10144
760957421, 10147
760957421, 10148
56230192, 10168
56230192, 10169
1930852915, 10198
1930852915, 10199
1590663054, 10222
1590663054, 10223
208685517, 10383
208685517, 10384
5625853317, 10393
5625853317, 10394
268058690, 10394
268058690, 10395
451658425, 10392
451658425, 10393
155569333, 10425
155569333, 10426
442416442, 10427
442416442, 10428
396201764, 10440
396201764, 10441
1364718636, 10533
1364718636, 10534
58931938, 10582
58931938, 10583
519435172, 10630
519435172, 10631
517217974, 10633
517217974, 10634
489740385, 10650
489740385, 10651
458423852, 10673
458423852, 10674
985625997, 10716
985625997, 10717
518796732, 10743
518796732, 10744
443122927, 10796
443122927, 10797
1738330130, 10798
1738330130, 10799
344008758, 10802
344008758, 10803
361910599, 10827
361910599, 10828
1643142877, 10846
1643142877, 10847
5710935782, 10866
5710935782, 10867
913451780, 10889
913451780, 10890
178508028, 10908
178508028, 10909
597352054, 10936
597352054, 10937
434048976, 10945
434048976, 10946
484862419, 10969
484862419, 10970
514290742, 11017
514290742, 11018
1396747768, 11070
1396747768, 11071
1049639470, 11089
1049639470, 11090
486804255, 11099
486804255, 11100
2133143296, 11182
2133143296, 11183
441215574, 11203
441215574, 11204
584114737, 11218
584114737, 11219
2081889179, 11236
2081889179, 11237
755245243, 11243
755245243, 11244
134190, 11245
134190, 11246
910742772, 11241
910742772, 11242
207206129, 11287
207206129, 11288
427306748, 11298
427306748, 11299
392086827, 11300
392086827, 11301
535788062, 11307
535788062, 11308
274502463, 11309
274502463, 11310
686317483, 11313
686317483, 11314
884840982, 11359
884840982, 11360
457055669, 11368
457055669, 11369
5714836710, 11375
5714836710, 11376
678586664, 11403
678586664, 11404
472394817, 11448
472394817, 11449
498123759, 11452
498123759, 11453
5521801002, 11456
5521801002, 11457
445278282, 11475
445278282, 11476
652242307, 11559
652242307, 11560
79648937, 11564
79648937, 11565

218883475, 13544
1443869668, 13546
582334473, 13548
401918312, 13550
406500174, 13561
263433878, 13564
1438052339, 13566
5344532127, 13597
231324164, 13639
858599779, 13697
2079310975, 13699
705671232, 13723
5509315883, 13751
454314426, 13773
404238803, 13775
840800484, 13786
497347072, 13787
1773951192, 13795
699451432, 13840
478206092, 13843
5815672890, 13887
470540056, 13929
5731145904, 13931
5595707163, 13944
966480753, 14006
1348741195, 14028
1201522398, 14042
5580256463, 14055
248423435, 14062
715010802, 14064
988623700, 14069
1938273017, 14072
880605245, 14083
896696176, 14087
643037961, 14105
279974365, 14121
496102799, 14135
228309044, 14182
5703960525, 14200
1041216930, 14212
449957050, 14236
1286014866, 14363
5870720012, 14399
1328102416, 14413
436911753, 14423
1876689925, 14426
543479525, 14431
419416749, 14433
445820323, 14435
5919442695, 14449
5351257102, 14463
488551051, 14465
1160569952, 14519
990203495, 14541
532419589, 14586
500606154, 14656
1185977482, 14658
5970651165, 14660
850420019, 14663
559396005, 14684
406392307, 14709
1447749588, 14715
702240979, 14739
5089561850, 14759
469080217, 14823
1132372711, 14840
329821119, 14842
311487010, 15276
911010426, 15279
5570945316, 15301
1391080113, 15326
91360116, 15331
516606983, 15333
655249406, 15349
1043355882, 15357
402293489, 15383
1180649257, 15404
479523950, 15436
391787321, 15454
1159538234, 15456
1207740597, 15458
166507617, 15488
5625552436, 15490
547850802, 15505
332674062, 15535
271489706, 15567
1045637724, 15585
423904524, 15656
708637438, 15685
420743323, 15687
509635344, 15697
29548562, 15699
521403634, 15714
844333074, 15728
844333074, 15728
210362232, 15731
381581752, 15740
328279348, 15762
1801125763, 15764
1906428373, 15783
1026102031, 15790
701471927, 15815
1234965852, 15839
2039916609, 15886
1523377077, 15889
899068477, 15907
476396509, 15921
156925998, 15923
1970381611, 15965
1813210920, 15978
588187863, 16019
446994919, 16053
381750708, 16076
181546454, 16096
5703793710, 16110
461843876, 16112
479108784, 16125
5058822100, 16151
279177325, 16153
505680354, 16171
434213894, 16175
589309951, 16177
525923901, 16217
1152704861, 16221
884477030, 16223
771253196, 16244
574390471, 16252
1110251556, 16264
340936027, 16266
321476419, 16299
499814052, 16301
1059501033, 16305
314496787, 16308
313612209, 16360
755419015, 16370
1148360787, 16384
666601431, 16431
5123134279, 16449
946560319, 16451
1318357077, 16467
375924752, 16494
95490402, 16524
506463494, 16541
5394861443, 16565
128507292, 16569
965382240, 16591
929650144, 16605
897747213, 16622
485995648, 16634
794304288, 16661
5576892800, 16677
1941256743, 16685
5385104428, 16701
920569871, 16710
832627666, 16751
1286612814, 16775
265045508, 16777
432125274, 16818
5323633825, 16838
144197680, 16856
402594686, 16858
5722178407, 16860
8943590, 16881
412725967, 16903
1664147355, 16929
511323529, 16975
504421368, 16991
423664002, 17011
365922714, 17038
1674767827, 17040
1003392994, 17050
5863354962, 17052
96481707, 17076
694335667, 17090
816271325, 17107
5876947981, 17132
5648399670, 17134
184173678, 17152
245475454, 17169
5683569340, 17190
532441492, 17195
331207592, 17243
508012911, 17256
129107420, 17270
770391180, 17272
341959066, 17306
869039843, 17308
662636178, 17359
896050675, 17375
807138031, 17407
536914955, 17425
669528271, 17427
941811073, 17436
488008908, 17438
224894830, 17440
463860320, 17452
221824550, 17462
870579234, 17476
1404048182, 17486
612042193, 17488
291351620, 17544
1634489345, 17555
3153486, 17565
302481896, 17567
576950879, 17579
171051242, 17601
446122185, 17615
475485338, 17625
518836203, 17629
6055234158, 17631
1482287818, 17648
1713728444, 17666
251973107, 17691
5347460173, 17709
5911675389, 17711
200139389, 17713
492288164, 17715
975493418, 17717
781557668, 17727
5635473051, 17762
797572689, 17781
860668176, 17829
657399765, 17876
1957178912, 17880
1052286161, 17882
5776284634, 17884
6116562275, 17896
353074704, 17900
578914511, 17947
646971650, 17962
840565792, 17998
5436423999, 18027
152565950, 18074
715267974, 18095
252614786, 18118
1292241927, 18120
518072755, 18139
392915960, 18157
895161419, 18170
1719280038, 18173
718295022, 18175
784244856, 18177
434388260, 18181
1474180985, 18183
422075504, 18195
1890299989, 18205
82209770, 18213
1362093715, 18215
1277388392, 18226
5570627829, 18231
940735030, 18255
489682623, 18278
612469601, 18293
5593159089, 18309
2115588518, 18319
296836405, 18342
1080239557, 18374
847098920, 18404
266595149, 18426
70466865, 18448
